38
76
114
152
190
228
266
304
380
418
546
584
622
660
736
774
812
888
926
964
1092
1130
1168
1206
1282
1320
1358
1434
1472
1510
1932
1970
2008
2046
2084
2122
2160
2198
2274
2312
2440
2478
2516
2554
2630
2668
2706
2782
2820
2858
2986
3024
3062
3100
3176
3214
3252
3328
3366
3404
3826
3864
3902
3940
3978
4016
4054
4092
4168
4206
4334
4372
4410
4448
4524
4562
4600
4676
4714
4752
4880
4918
4956
4994
5070
5108
5146
5222
5260
5298
5720
5758
5796
5834
5872
5910
5948
5986
6062
6100
6228
6266
6304
6342
6418
6456
6494
6570
6608
6646
6774
6812
6850
6888
6964
7002
7040
7116
7154
7192
7614
7652
7690
7728
7766
7804
7842
7880
7956
7994
8122
8160
8198
8236
8312
8350
8388
8464
8502
8540
8668
8706
8744
8782
8858
8896
8934
9010
9048
9086
9508
9546
9584
9622
9660
9698
9736
9774
9850
9888
10016
10054
10092
10130
10206
10244
10282
10358
10396
10434
10562
10600
10638
10676
10752
10790
10828
10904
10942
10980
11402
11440
11478
11516
11554
11592
11630
11668
11744
11782
11910
11948
11986
12024
12100
12138
12176
12252
12290
12328
12456
12494
12532
12570
12646
12684
12722
12798
12836
12874
13296
13334
13372
13410
13448
13486
13524
13562
13638
13676
13804
13842
13880
13918
13994
14032
14070
14146
14184
14222
14350
14388
14426
14464
14540
14578
14616
14692
14730
14768
15190
15228
15266
15304
15342
15380
15418
15456
15532
15570
15698
15736
15774
15812
15888
15926
15964
16040
16078
16116
16244
16282
16320
16358
16434
16472
16510
16586
16624
16662
17084
17122
17160
17198
17236
17274
17312
17350
17426
17464
17592
17630
17668
17706
17782
17820
17858
17934
17972
18010
18138
18176
18214
18252
18328
18366
18404
18480
18518
18556
18978
19016
19054
19092
19130
19168
19206
19244
19320
19358
19486
19524
19562
19600
19676
19714
19752
19828
19866
19904
20032
20070
20108
20146
20222
20260
20298
20374
20412
20450
20872
20910
20948
20986
21024
21062
21100
21138
21214
21252
21380
21418
21456
21494
21570
21608
21646
21722
21760
21798
21926
21964
22002
22040
22116
22154
22192
22268
22306
22344
22766
22804
22842
22880
22918
22956
22994
23032
23108
23146
23274
23312
23350
23388
23464
23502
23540
23616
23654
23692
23820
23858
23896
23934
24010
24048
24086
24162
24200
24238
24660
24698
24736
24774
24812
24850
24888
24926
25002
25040
25168
25206
25244
25282
25358
25396
25434
25510
25548
25586
25714
25752
25790
25828
25904
25942
25980
26056
26094
26132
26554
26592
26630
26668
26706
26744
26782
26820
26896
26934
27062
27100
27138
27176
27252
27290
27328
27404
27442
27480
27608
27646
27684
27722
27798
27836
27874
27950
27988
28026
28448
28486
28524
28562
28600
28638
28676
28714
28790
28828
28956
28994
29032
29070
29146
29184
29222
29298
29336
29374
29502
29540
29578
29616
29692
29730
29768
29844
29882
29920
30342
30380
30418
30456
30494
30532
30570
30608
30684
30722
30850
30888
30926
30964
31040
31078
31116
31192
31230
31268
31396
31434
31472
31510
31586
31624
31662
31738
31776
31814
32236
32274
32312
32350
32388
32426
32464
32502
32578
32616
32744
32782
32820
32858
32934
32972
33010
33086
33124
33162
33290
33328
33366
33404
33480
33518
33556
33632
33670
33708
34130
34168
34206
34244
34282
34320
34358
34396
34472
34510
34638
34676
34714
34752
34828
34866
34904
34980
35018
35056
35184
35222
35260
35298
35374
35412
35450
35526
35564
35602
36024
36062
36100
36138
36176
36214
36252
36290
36366
36404
36532
36570
36608
36646
36722
36760
36798
36874
36912
36950
37078
37116
37154
37192
37268
37306
37344
37420
37458
37496
37918
37956
37994
38032
38070
38108
38146
38184
38260
38298
38426
38464
38502
38540
38616
38654
38692
38768
38806
38844
38972
39010
39048
39086
39162
39200
39238
39314
39352
39390
39812
39850
39888
39926
39964
40002
40040
40078
40154
40192
40320
40358
40396
40434
40510
40548
40586
40662
40700
40738
40866
40904
40942
40980
41056
41094
41132
41208
41246
41284
41706
41744
41782
41820
41858
41896
41934
41972
42048
42086
42214
42252
42290
42328
42404
42442
42480
42556
42594
42632
42760
42798
42836
42874
42950
42988
43026
43102
43140
43178
43600
43638
43676
43714
43752
43790
43828
43866
43942
43980
44108
44146
44184
44222
44298
44336
44374
44450
44488
44526
44654
44692
44730
44768
44844
44882
44920
44996
45034
45072
45494
45532
45570
45608
45646
45684
45722
45760
45836
45874
46002
46040
46078
46116
46192
46230
46268
46344
46382
46420
46548
46586
46624
46662
46738
46776
46814
46890
46928
46966
47388
47426
47464
47502
47540
47578
47616
47654
47730
47768
47896
47934
47972
48010
48086
48124
48162
48238
48276
48314
48442
48480
48518
48556
48632
48670
48708
48784
48822
48860
49282
49320
49358
49396
49434
49472
49510
49548
49624
49662
49790
49828
49866
49904
49980
50018
50056
50132
50170
50208
50336
50374
50412
50450
50526
50564
50602
50678
50716
50754
51176
51214
51252
51290
51328
51366
51404
51442
51518
51556
51684
51722
51760
51798
51874
51912
51950
52026
52064
52102
52230
52268
52306
52344
52420
52458
52496
52572
52610
52648
53070
53108
53146
53184
53222
53260
53298
53336
53412
53450
53578
53616
53654
53692
53768
53806
53844
53920
53958
53996
54124
54162
54200
54238
54314
54352
54390
54466
54504
54542
54964
55002
55040
55078
55116
55154
55192
55230
55306
55344
55472
55510
55548
55586
55662
55700
55738
55814
55852
55890
56018
56056
56094
56132
56208
56246
56284
56360
56398
56436
