0
342
698
850
1244
1396
1894
2236
2592
2744
3138
3290
3788
4130
4486
4638
5032
5184
5682
6024
6380
6532
6926
7078
7576
7918
8274
8426
8820
8972
9470
9812
10168
10320
10714
10866
11364
11706
12062
12214
12608
12760
13258
13600
13956
14108
14502
14654
15152
15494
15850
16002
16396
16548
17046
17388
17744
17896
18290
18442
18940
19282
19638
19790
20184
20336
20834
21176
21532
21684
22078
22230
22728
23070
23426
23578
23972
24124
24622
24964
25320
25472
25866
26018
26516
26858
27214
27366
27760
27912
28410
28752
29108
29260
29654
29806
30304
30646
31002
31154
31548
31700
32198
32540
32896
33048
33442
33594
34092
34434
34790
34942
35336
35488
35986
36328
36684
36836
37230
37382
37880
38222
38578
38730
39124
39276
39774
40116
40472
40624
41018
41170
41668
42010
42366
42518
42912
43064
43562
43904
44260
44412
44806
44958
45456
45798
46154
46306
46700
46852
47350
47692
48048
48200
48594
48746
49244
49586
49942
50094
50488
50640
51138
51480
51836
51988
52382
52534
53032
53374
53730
53882
54276
54428
54926
55268
55624
55776
56170
56322
